{"producer":{"name":"Blender","version":"2.78 (sub 0)","exporter_version":"4.6.1","file":"pump.babylon"},
"autoClear":true,"clearColor":[0.0509,0.0509,0.0509],"ambientColor":[0,0,0],"gravity":[0,-9.81,0],
"materials":[{"name":"pump.OilDrums.002","id":"pump.OilDrums.002","ambient":[0.0529,0.5882,0.1853],"diffuse":[0.0424,0.4706,0.1482],"specular":[0,0,0],"emissive":[0,0,0],"specularPower":11,"alpha":1,"backFaceCulling":true,"checkReadyOnlyOnce":false},
{"name":"pump.BuildingStone.002","id":"pump.BuildingStone.002","ambient":[0.0276,0.5882,0.1416],"diffuse":[0.0221,0.4706,0.1133],"specular":[0,0,0],"emissive":[0,0,0],"specularPower":11,"alpha":1,"backFaceCulling":true,"checkReadyOnlyOnce":false}],
"multiMaterials":[{"name":"pump.Multimaterial#0","id":"pump.Multimaterial#0","materials":["pump.OilDrums.002","pump.BuildingStone.002"]}],
"skeletons":[{"name":"Armature","id":0,"dimensionsAtRest":[6.3863,0.1468,6.6872],"bones":[
{"name":"ArmJoint","index":0,"matrix":[0.0097,0.0023,0,0,-0.0023,0.0097,0,0,0,0,-0.01,0,-0.3393,3.3823,-0.0023,1],"rest":[0.0097,0.0023,0,0,-0.0023,0.0097,0,0,0,0,-0.01,0,-0.3393,3.3823,-0.0023,1],"parentBoneIndex":-1,"length":116.2172
,"animation":{"dataType":3,"framePerSecond":30,"keys":[
{"frame":1,"values":[0.0097,0.0023,0,0,-0.0023,0.0097,0,0,0,0,-0.01,0,-0.3393,3.3823,-0.0023,1]},
{"frame":2,"values":[0.0098,0.0021,0,0,-0.0021,0.0098,0,0,0,0,-0.01,0,-0.3393,3.3823,-0.0023,1]},
{"frame":3,"values":[0.0098,0.0019,0,0,-0.0019,0.0098,0,0,0,0,-0.01,0,-0.3393,3.3823,-0.0023,1]},
{"frame":4,"values":[0.0099,0.0016,0,0,-0.0016,0.0099,0,0,0,0,-0.01,0,-0.3393,3.3823,-0.0023,1]},
{"frame":5,"values":[0.0099,0.0014,0,0,-0.0014,0.0099,0,0,0,0,-0.01,0,-0.3393,3.3823,-0.0023,1]},
{"frame":6,"values":[0.0099,0.0011,0,0,-0.0011,0.0099,0,0,0,0,-0.01,0,-0.3393,3.3823,-0.0023,1]},
{"frame":7,"values":[0.01,0.0009,0,0,-0.0009,0.01,0,0,0,0,-0.01,0,-0.3393,3.3823,-0.0023,1]},
{"frame":8,"values":[0.01,0.0007,0,0,-0.0007,0.01,0,0,0,0,-0.01,0,-0.3393,3.3823,-0.0023,1]},
{"frame":9,"values":[0.01,0.0004,0,0,-0.0004,0.01,0,0,0,0,-0.01,0,-0.3393,3.3823,-0.0023,1]},
{"frame":10,"values":[0.01,0.0002,0,0,-0.0002,0.01,0,0,0,0,-0.01,0,-0.3393,3.3823,-0.0023,1]},
{"frame":11,"values":[0.01,0,0,0,0,0.01,0,0,0,0,-0.01,0,-0.3393,3.3823,-0.0023,1]},
{"frame":12,"values":[0.01,-0.0002,0,0,0.0002,0.01,0,0,0,0,-0.01,0,-0.3393,3.3823,-0.0023,1]},
{"frame":13,"values":[0.01,-0.0004,0,0,0.0004,0.01,0,0,0,0,-0.01,0,-0.3393,3.3823,-0.0023,1]},
{"frame":14,"values":[0.01,-0.0005,0,0,0.0005,0.01,0,0,0,0,-0.01,0,-0.3393,3.3823,-0.0023,1]},
{"frame":15,"values":[0.01,-0.0007,0,0,0.0007,0.01,0,0,0,0,-0.01,0,-0.3393,3.3823,-0.0023,1]},
{"frame":16,"values":[0.01,-0.0008,0,0,0.0008,0.01,0,0,0,0,-0.01,0,-0.3393,3.3823,-0.0023,1]},
{"frame":17,"values":[0.0099,-0.001,0,0,0.001,0.0099,0,0,0,0,-0.01,0,-0.3393,3.3823,-0.0023,1]},
{"frame":18,"values":[0.0099,-0.0012,0,0,0.0012,0.0099,0,0,0,0,-0.01,0,-0.3393,3.3823,-0.0023,1]},
{"frame":19,"values":[0.0099,-0.0013,0,0,0.0013,0.0099,0,0,0,0,-0.01,0,-0.3393,3.3823,-0.0023,1]},
{"frame":20,"values":[0.0099,-0.0015,0,0,0.0015,0.0099,0,0,0,0,-0.01,0,-0.3393,3.3823,-0.0023,1]},
{"frame":21,"values":[0.0099,-0.0016,0,0,0.0016,0.0099,0,0,0,0,-0.01,0,-0.3393,3.3823,-0.0023,1]},
{"frame":22,"values":[0.0099,-0.0017,0,0,0.0017,0.0099,0,0,0,0,-0.01,0,-0.3393,3.3823,-0.0023,1]},
{"frame":23,"values":[0.0098,-0.0018,0,0,0.0018,0.0098,0,0,0,0,-0.01,0,-0.3393,3.3823,-0.0023,1]},
{"frame":24,"values":[0.0098,-0.0019,0,0,0.0019,0.0098,0,0,0,0,-0.01,0,-0.3393,3.3823,-0.0023,1]},
{"frame":28,"values":[0.0098,-0.0018,0,0,0.0018,0.0098,0,0,0,0,-0.01,0,-0.3393,3.3823,-0.0023,1]},
{"frame":29,"values":[0.0098,-0.0017,0,0,0.0017,0.0098,0,0,0,0,-0.01,0,-0.3393,3.3823,-0.0023,1]},
{"frame":30,"values":[0.0099,-0.0016,0,0,0.0016,0.0099,0,0,0,0,-0.01,0,-0.3393,3.3823,-0.0023,1]},
{"frame":31,"values":[0.0099,-0.0015,0,0,0.0015,0.0099,0,0,0,0,-0.01,0,-0.3393,3.3823,-0.0023,1]},
{"frame":32,"values":[0.0099,-0.0014,0,0,0.0014,0.0099,0,0,0,0,-0.01,0,-0.3393,3.3823,-0.0023,1]},
{"frame":33,"values":[0.0099,-0.0013,0,0,0.0013,0.0099,0,0,0,0,-0.01,0,-0.3393,3.3823,-0.0023,1]},
{"frame":34,"values":[0.0099,-0.0011,0,0,0.0011,0.0099,0,0,0,0,-0.01,0,-0.3393,3.3823,-0.0023,1]},
{"frame":35,"values":[0.01,-0.001,0,0,0.001,0.01,0,0,0,0,-0.01,0,-0.3393,3.3823,-0.0023,1]},
{"frame":36,"values":[0.01,-0.0008,0,0,0.0008,0.01,0,0,0,0,-0.01,0,-0.3393,3.3823,-0.0023,1]},
{"frame":37,"values":[0.01,-0.0006,0,0,0.0006,0.01,0,0,0,0,-0.01,0,-0.3393,3.3823,-0.0023,1]},
{"frame":38,"values":[0.01,-0.0005,0,0,0.0005,0.01,0,0,0,0,-0.01,0,-0.3393,3.3823,-0.0023,1]},
{"frame":39,"values":[0.01,-0.0003,0,0,0.0003,0.01,0,0,0,0,-0.01,0,-0.3393,3.3823,-0.0023,1]},
{"frame":40,"values":[0.01,-0.0001,0,0,0.0001,0.01,0,0,0,0,-0.01,0,-0.3393,3.3823,-0.0023,1]},
{"frame":41,"values":[0.01,0,0,0,0,0.01,0,0,0,0,-0.01,0,-0.3393,3.3823,-0.0023,1]},
{"frame":42,"values":[0.01,0.0003,0,0,-0.0003,0.01,0,0,0,0,-0.01,0,-0.3393,3.3823,-0.0023,1]},
{"frame":43,"values":[0.01,0.0005,0,0,-0.0005,0.01,0,0,0,0,-0.01,0,-0.3393,3.3823,-0.0023,1]},
{"frame":44,"values":[0.01,0.0007,0,0,-0.0007,0.01,0,0,0,0,-0.01,0,-0.3393,3.3823,-0.0023,1]},
{"frame":45,"values":[0.0099,0.001,0,0,-0.001,0.0099,0,0,0,0,-0.01,0,-0.3393,3.3823,-0.0023,1]},
{"frame":46,"values":[0.0099,0.0013,0,0,-0.0013,0.0099,0,0,0,0,-0.01,0,-0.3393,3.3823,-0.0023,1]},
{"frame":47,"values":[0.0099,0.0016,0,0,-0.0016,0.0099,0,0,0,0,-0.01,0,-0.3393,3.3823,-0.0023,1]},
{"frame":48,"values":[0.0098,0.0019,0,0,-0.0019,0.0098,0,0,0,0,-0.01,0,-0.3393,3.3823,-0.0023,1]},
{"frame":49,"values":[0.0098,0.0022,0,0,-0.0022,0.0098,0,0,0,0,-0.01,0,-0.3393,3.3823,-0.0023,1]},
{"frame":50,"values":[0.0097,0.0025,0,0,-0.0025,0.0097,0,0,0,0,-0.01,0,-0.3393,3.3823,-0.0023,1]},
{"frame":51,"values":[0.0096,0.0028,0,0,-0.0028,0.0096,0,0,0,0,-0.01,0,-0.3393,3.3823,-0.0023,1]},
{"frame":52,"values":[0.0095,0.0031,0,0,-0.0031,0.0095,0,0,0,0,-0.01,0,-0.3393,3.3823,-0.0023,1]},
{"frame":53,"values":[0.0094,0.0035,0,0,-0.0035,0.0094,0,0,0,0,-0.01,0,-0.3393,3.3823,-0.0023,1]},
{"frame":54,"values":[0.0092,0.0039,0,0,-0.0039,0.0092,0,0,0,0,-0.01,0,-0.3393,3.3823,-0.0023,1]},
{"frame":55,"values":[0.0091,0.0042,0,0,-0.0042,0.0091,0,0,0,0,-0.01,0,-0.3393,3.3823,-0.0023,1]},
{"frame":56,"values":[0.0089,0.0046,0,0,-0.0046,0.0089,0,0,0,0,-0.01,0,-0.3393,3.3823,-0.0023,1]},
{"frame":57,"values":[0.0087,0.005,0,0,-0.005,0.0087,0,0,0,0,-0.01,0,-0.3393,3.3823,-0.0023,1]},
{"frame":58,"values":[0.0084,0.0054,0,0,-0.0054,0.0084,0,0,0,0,-0.01,0,-0.3393,3.3823,-0.0023,1]},
{"frame":59,"values":[0.0082,0.0057,0,0,-0.0057,0.0082,0,0,0,0,-0.01,0,-0.3393,3.3823,-0.0023,1]},
{"frame":60,"values":[0.008,0.0061,0,0,-0.0061,0.008,0,0,0,0,-0.01,0,-0.3393,3.3823,-0.0023,1]},
{"frame":61,"values":[0.0077,0.0064,0,0,-0.0064,0.0077,0,0,0,0,-0.01,0,-0.3393,3.3823,-0.0023,1]},
{"frame":62,"values":[0.0075,0.0067,0,0,-0.0067,0.0075,0,0,0,0,-0.01,0,-0.3393,3.3823,-0.0023,1]},
{"frame":63,"values":[0.0072,0.0069,0,0,-0.0069,0.0072,0,0,0,0,-0.01,0,-0.3393,3.3823,-0.0023,1]},
{"frame":64,"values":[0.007,0.0071,0,0,-0.0071,0.007,0,0,0,0,-0.01,0,-0.3393,3.3823,-0.0023,1]},
{"frame":65,"values":[0.0068,0.0073,0,0,-0.0073,0.0068,0,0,0,0,-0.01,0,-0.3393,3.3823,-0.0023,1]},
{"frame":66,"values":[0.0066,0.0075,0,0,-0.0075,0.0066,0,0,0,0,-0.01,0,-0.3393,3.3823,-0.0023,1]},
{"frame":67,"values":[0.0065,0.0076,0,0,-0.0076,0.0065,0,0,0,0,-0.01,0,-0.3393,3.3823,-0.0023,1]},
{"frame":68,"values":[0.0063,0.0077,0,0,-0.0077,0.0063,0,0,0,0,-0.01,0,-0.3393,3.3823,-0.0023,1]},
{"frame":69,"values":[0.0062,0.0078,0,0,-0.0078,0.0062,0,0,0,0,-0.01,0,-0.3393,3.3823,-0.0023,1]},
{"frame":70,"values":[0.0061,0.0079,0,0,-0.0079,0.0061,0,0,0,0,-0.01,0,-0.3393,3.3823,-0.0023,1]},
{"frame":71,"values":[0.0061,0.008,0,0,-0.008,0.0061,0,0,0,0,-0.01,0,-0.3393,3.3823,-0.0023,1]},
{"frame":72,"values":[0.006,0.008,0,0,-0.008,0.006,0,0,0,0,-0.01,0,-0.3393,3.3823,-0.0023,1]},
{"frame":75,"values":[0.0061,0.0079,0,0,-0.0079,0.0061,0,0,0,0,-0.01,0,-0.3393,3.3823,-0.0023,1]},
{"frame":77,"values":[0.0062,0.0078,0,0,-0.0078,0.0062,0,0,0,0,-0.01,0,-0.3393,3.3823,-0.0023,1]},
{"frame":78,"values":[0.0064,0.0077,0,0,-0.0077,0.0064,0,0,0,0,-0.01,0,-0.3393,3.3823,-0.0023,1]},
{"frame":79,"values":[0.0066,0.0075,0,0,-0.0075,0.0066,0,0,0,0,-0.01,0,-0.3393,3.3823,-0.0023,1]},
{"frame":80,"values":[0.0068,0.0073,0,0,-0.0073,0.0068,0,0,0,0,-0.01,0,-0.3393,3.3823,-0.0023,1]},
{"frame":81,"values":[0.007,0.0071,0,0,-0.0071,0.007,0,0,0,0,-0.01,0,-0.3393,3.3823,-0.0023,1]},
{"frame":82,"values":[0.0072,0.0069,0,0,-0.0069,0.0072,0,0,0,0,-0.01,0,-0.3393,3.3823,-0.0023,1]},
{"frame":83,"values":[0.0075,0.0066,0,0,-0.0066,0.0075,0,0,0,0,-0.01,0,-0.3393,3.3823,-0.0023,1]},
{"frame":84,"values":[0.0077,0.0064,0,0,-0.0064,0.0077,0,0,0,0,-0.01,0,-0.3393,3.3823,-0.0023,1]},
{"frame":85,"values":[0.0079,0.0061,0,0,-0.0061,0.0079,0,0,0,0,-0.01,0,-0.3393,3.3823,-0.0023,1]},
{"frame":86,"values":[0.0081,0.0058,0,0,-0.0058,0.0081,0,0,0,0,-0.01,0,-0.3393,3.3823,-0.0023,1]},
{"frame":87,"values":[0.0083,0.0056,0,0,-0.0056,0.0083,0,0,0,0,-0.01,0,-0.3393,3.3823,-0.0023,1]},
{"frame":88,"values":[0.0085,0.0053,0,0,-0.0053,0.0085,0,0,0,0,-0.01,0,-0.3393,3.3823,-0.0023,1]},
{"frame":89,"values":[0.0086,0.0051,0,0,-0.0051,0.0086,0,0,0,0,-0.01,0,-0.3393,3.3823,-0.0023,1]},
{"frame":90,"values":[0.0088,0.0048,0,0,-0.0048,0.0088,0,0,0,0,-0.01,0,-0.3393,3.3823,-0.0023,1]},
{"frame":91,"values":[0.0089,0.0046,0,0,-0.0046,0.0089,0,0,0,0,-0.01,0,-0.3393,3.3823,-0.0023,1]},
{"frame":92,"values":[0.009,0.0044,0,0,-0.0044,0.009,0,0,0,0,-0.01,0,-0.3393,3.3823,-0.0023,1]},
{"frame":93,"values":[0.0091,0.0041,0,0,-0.0041,0.0091,0,0,0,0,-0.01,0,-0.3393,3.3823,-0.0023,1]},
{"frame":94,"values":[0.0092,0.0039,0,0,-0.0039,0.0092,0,0,0,0,-0.01,0,-0.3393,3.3823,-0.0023,1]},
{"frame":95,"values":[0.0093,0.0037,0,0,-0.0037,0.0093,0,0,0,0,-0.01,0,-0.3393,3.3823,-0.0023,1]},
{"frame":96,"values":[0.0094,0.0034,0,0,-0.0034,0.0094,0,0,0,0,-0.01,0,-0.3393,3.3823,-0.0023,1]},
{"frame":97,"values":[0.0095,0.0032,0,0,-0.0032,0.0095,0,0,0,0,-0.01,0,-0.3393,3.3823,-0.0023,1]},
{"frame":98,"values":[0.0095,0.003,0,0,-0.003,0.0095,0,0,0,0,-0.01,0,-0.3393,3.3823,-0.0023,1]},
{"frame":99,"values":[0.0096,0.0027,0,0,-0.0027,0.0096,0,0,0,0,-0.01,0,-0.3393,3.3823,-0.0023,1]},
{"frame":100,"values":[0.0097,0.0025,0,0,-0.0025,0.0097,0,0,0,0,-0.01,0,-0.3393,3.3823,-0.0023,1]},
{"frame":101,"values":[0.0097,0.0023,0,0,-0.0023,0.0097,0,0,0,0,-0.01,0,-0.3393,3.3823,-0.0023,1]}],"loopBehavior":1,"name":"anim","property":"_matrix"}},
{"name":"HingeJoint","index":1,"matrix":[0.1241,-0.9923,0,0,0.9923,0.1241,0,0,0,0,1,0,116.2106,-1.2386,0,1],"rest":[0.1241,-0.9923,0,0,0.9923,0.1241,0,0,0,0,1,0,116.2106,-1.2386,0,1],"parentBoneIndex":0,"length":204.5276
,"animation":{"dataType":3,"framePerSecond":30,"keys":[
{"frame":1,"values":[0.1241,-0.9923,0,0,0.9923,0.1241,0,0,0,0,1,0,116.2106,-1.2386,0,1]},
{"frame":2,"values":[0.1376,-0.9905,0,0,0.9905,0.1376,0,0,0,0,1,0,116.2106,-1.2386,0,1]},
{"frame":3,"values":[0.1534,-0.9882,0,0,0.9882,0.1534,0,0,0,0,1,0,116.2106,-1.2386,0,1]},
{"frame":4,"values":[0.171,-0.9853,0,0,0.9853,0.171,0,0,0,0,1,0,116.2106,-1.2386,0,1]},
{"frame":5,"values":[0.1898,-0.9818,0,0,0.9818,0.1898,0,0,0,0,1,0,116.2106,-1.2386,0,1]},
{"frame":6,"values":[0.2091,-0.9779,0,0,0.9779,0.2091,0,0,0,0,1,0,116.2106,-1.2386,0,1]},
{"frame":7,"values":[0.2284,-0.9736,0,0,0.9736,0.2284,0,0,0,0,1,0,116.2106,-1.2386,0,1]},
{"frame":8,"values":[0.247,-0.969,0,0,0.969,0.247,0,0,0,0,1,0,116.2106,-1.2386,0,1]},
{"frame":9,"values":[0.2642,-0.9645,0,0,0.9645,0.2642,0,0,0,0,1,0,116.2106,-1.2386,0,1]},
{"frame":10,"values":[0.2795,-0.9601,0,0,0.9601,0.2795,0,0,0,0,1,0,116.2106,-1.2386,0,1]},
{"frame":11,"values":[0.2922,-0.9564,0,0,0.9564,0.2922,0,0,0,0,1,0,116.2106,-1.2386,0,1]},
{"frame":12,"values":[0.3016,-0.9534,0,0,0.9534,0.3016,0,0,0,0,1,0,116.2106,-1.2386,0,1]},
{"frame":13,"values":[0.3072,-0.9516,0,0,0.9516,0.3072,0,0,0,0,1,0,116.2106,-1.2386,0,1]},
{"frame":14,"values":[0.31,-0.9507,0,0,0.9507,0.31,0,0,0,0,1,0,116.2106,-1.2386,0,1]},
{"frame":15,"values":[0.3116,-0.9502,0,0,0.9502,0.3116,0,0,0,0,1,0,116.2106,-1.2386,0,1]},
{"frame":16,"values":[0.3121,-0.95,0,0,0.95,0.3121,0,0,0,0,1,0,116.2106,-1.2386,0,1]},
{"frame":17,"values":[0.3116,-0.9502,0,0,0.9502,0.3116,0,0,0,0,1,0,116.2106,-1.2386,0,1]},
{"frame":18,"values":[0.3099,-0.9508,0,0,0.9508,0.3099,0,0,0,0,1,0,116.2106,-1.2385,0,1]},
{"frame":19,"values":[0.3071,-0.9517,0,0,0.9517,0.3071,0,0,0,0,1,0,116.2107,-1.2386,0,1]},
{"frame":20,"values":[0.3029,-0.953,0,0,0.953,0.3029,0,0,0,0,1,0,116.2106,-1.2386,0,1]},
{"frame":21,"values":[0.2974,-0.9547,0,0,0.9547,0.2974,0,0,0,0,1,0,116.2106,-1.2386,0,1]},
{"frame":22,"values":[0.2902,-0.957,0,0,0.957,0.2902,0,0,0,0,1,0,116.2106,-1.2386,0,1]},
{"frame":23,"values":[0.2812,-0.9597,0,0,0.9597,0.2812,0,0,0,0,1,0,116.2107,-1.2386,0,1]},
{"frame":24,"values":[0.2699,-0.9629,0,0,0.9629,0.2699,0,0,0,0,1,0,116.2106,-1.2386,0,1]},
{"frame":25,"values":[0.2562,-0.9666,0,0,0.9666,0.2562,0,0,0,0,1,0,116.2106,-1.2386,0,1]},
{"frame":26,"values":[0.2397,-0.9709,0,0,0.9709,0.2397,0,0,0,0,1,0,116.2106,-1.2386,0,1]},
{"frame":27,"values":[0.2199,-0.9755,0,0,0.9755,0.2199,0,0,0,0,1,0,116.2106,-1.2386,0,1]},
{"frame":28,"values":[0.1971,-0.9804,0,0,0.9804,0.1971,0,0,0,0,1,0,116.2107,-1.2386,0,1]},
{"frame":29,"values":[0.1718,-0.9851,0,0,0.9851,0.1718,0,0,0,0,1,0,116.2106,-1.2386,0,1]},
{"frame":30,"values":[0.1442,-0.9896,0,0,0.9896,0.1442,0,0,0,0,1,0,116.2107,-1.2386,0,1]},
{"frame":31,"values":[0.1148,-0.9934,0,0,0.9934,0.1148,0,0,0,0,1,0,116.2106,-1.2386,0,1]},
{"frame":32,"values":[0.084,-0.9965,0,0,0.9965,0.084,0,0,0,0,1,0,116.2106,-1.2386,0,1]},
{"frame":33,"values":[0.0523,-0.9986,0,0,0.9986,0.0523,0,0,0,0,1,0,116.2106,-1.2386,0,1]},
{"frame":34,"values":[0.0199,-0.9998,0,0,0.9998,0.0199,0,0,0,0,1,0,116.2106,-1.2386,0,1]},
{"frame":35,"values":[-0.0127,-0.9999,0,0,0.9999,-0.0127,0,0,0,0,1,0,116.2106,-1.2386,0,1]},
{"frame":36,"values":[-0.0453,-0.999,0,0,0.999,-0.0453,0,0,0,0,1,0,116.2106,-1.2386,0,1]},
{"frame":37,"values":[-0.0775,-0.997,0,0,0.997,-0.0775,0,0,0,0,1,0,116.2106,-1.2386,0,1]},
{"frame":38,"values":[-0.109,-0.994,0,0,0.994,-0.109,0,0,0,0,1,0,116.2106,-1.2386,0,1]},
{"frame":39,"values":[-0.1395,-0.9902,0,0,0.9902,-0.1395,0,0,0,0,1,0,116.2106,-1.2385,0,1]},
{"frame":40,"values":[-0.1687,-0.9857,0,0,0.9857,-0.1687,0,0,0,0,1,0,116.2106,-1.2386,0,1]},
{"frame":41,"values":[-0.1981,-0.9802,0,0,0.9802,-0.1981,0,0,0,0,1,0,116.2106,-1.2385,0,1]},
{"frame":42,"values":[-0.2287,-0.9735,0,0,0.9735,-0.2287,0,0,0,0,1,0,116.2106,-1.2386,0,1]},
{"frame":43,"values":[-0.2603,-0.9655,0,0,0.9655,-0.2603,0,0,0,0,1,0,116.2106,-1.2386,0,1]},
{"frame":44,"values":[-0.2922,-0.9564,0,0,0.9564,-0.2922,0,0,0,0,1,0,116.2106,-1.2386,0,1]},
{"frame":45,"values":[-0.3242,-0.946,0,0,0.946,-0.3242,0,0,0,0,1,0,116.2106,-1.2386,0,1]},
{"frame":46,"values":[-0.3559,-0.9345,0,0,0.9345,-0.3559,0,0,0,0,1,0,116.2106,-1.2385,0,1]},
{"frame":47,"values":[-0.3868,-0.9221,0,0,0.9221,-0.3868,0,0,0,0,1,0,116.2106,-1.2386,0,1]},
{"frame":48,"values":[-0.4167,-0.909,0,0,0.909,-0.4167,0,0,0,0,1,0,116.2106,-1.2386,0,1]},
{"frame":49,"values":[-0.4452,-0.8954,0,0,0.8954,-0.4452,0,0,0,0,1,0,116.2106,-1.2386,0,1]},
{"frame":50,"values":[-0.472,-0.8816,0,0,0.8816,-0.472,0,0,0,0,1,0,116.2106,-1.2386,0,1]},
{"frame":51,"values":[-0.4968,-0.8678,0,0,0.8678,-0.4968,0,0,0,0,1,0,116.2107,-1.2386,0,1]},
{"frame":52,"values":[-0.5204,-0.8539,0,0,0.8539,-0.5204,0,0,0,0,1,0,116.2106,-1.2386,0,1]},
{"frame":53,"values":[-0.5436,-0.8393,0,0,0.8393,-0.5436,0,0,0,0,1,0,116.2106,-1.2385,0,1]},
{"frame":54,"values":[-0.5661,-0.8244,0,0,0.8244,-0.5661,0,0,0,0,1,0,116.2106,-1.2386,0,1]},
{"frame":55,"values":[-0.5876,-0.8092,0,0,0.8092,-0.5876,0,0,0,0,1,0,116.2106,-1.2386,0,1]},
{"frame":56,"values":[-0.6078,-0.7941,0,0,0.7941,-0.6078,0,0,0,0,1,0,116.2106,-1.2385,0,1]},
{"frame":57,"values":[-0.6267,-0.7793,0,0,0.7793,-0.6267,0,0,0,0,1,0,116.2106,-1.2386,0,1]},
{"frame":58,"values":[-0.644,-0.765,0,0,0.765,-0.644,0,0,0,0,1,0,116.2107,-1.2386,0,1]},
{"frame":59,"values":[-0.6595,-0.7517,0,0,0.7517,-0.6595,0,0,0,0,1,0,116.2107,-1.2385,0,1]},
{"frame":60,"values":[-0.6731,-0.7396,0,0,0.7396,-0.6731,0,0,0,0,1,0,116.2106,-1.2385,0,1]},
{"frame":61,"values":[-0.6846,-0.7289,0,0,0.7289,-0.6846,0,0,0,0,1,0,116.2106,-1.2386,0,1]},
{"frame":62,"values":[-0.6941,-0.7199,0,0,0.7199,-0.6941,0,0,0,0,1,0,116.2106,-1.2386,0,1]},
{"frame":63,"values":[-0.7014,-0.7128,0,0,0.7128,-0.7014,0,0,0,0,1,0,116.2106,-1.2386,0,1]},
{"frame":64,"values":[-0.7065,-0.7077,0,0,0.7077,-0.7065,0,0,0,0,1,0,116.2106,-1.2386,0,1]},
{"frame":65,"values":[-0.7093,-0.7049,0,0,0.7049,-0.7093,0,0,0,0,1,0,116.2107,-1.2385,0,1]},
{"frame":66,"values":[-0.71,-0.7042,0,0,0.7042,-0.71,0,0,0,0,1,0,116.2106,-1.2386,0,1]},
{"frame":67,"values":[-0.7086,-0.7056,0,0,0.7056,-0.7086,0,0,0,0,1,0,116.2106,-1.2386,0,1]},
{"frame":68,"values":[-0.7051,-0.7091,0,0,0.7091,-0.7051,0,0,0,0,1,0,116.2106,-1.2386,0,1]},
{"frame":69,"values":[-0.6995,-0.7147,0,0,0.7147,-0.6995,0,0,0,0,1,0,116.2107,-1.2386,0,1]},
{"frame":70,"values":[-0.6919,-0.722,0,0,0.722,-0.6919,0,0,0,0,1,0,116.2106,-1.2385,0,1]},
{"frame":71,"values":[-0.6824,-0.731,0,0,0.731,-0.6824,0,0,0,0,1,0,116.2106,-1.2386,0,1]},
{"frame":72,"values":[-0.671,-0.7415,0,0,0.7415,-0.671,0,0,0,0,1,0,116.2106,-1.2386,0,1]},
{"frame":73,"values":[-0.6579,-0.7531,0,0,0.7531,-0.6579,0,0,0,0,1,0,116.2106,-1.2385,0,1]},
{"frame":74,"values":[-0.6431,-0.7658,0,0,0.7658,-0.6431,0,0,0,0,1,0,116.2106,-1.2385,0,1]},
{"frame":75,"values":[-0.6267,-0.7792,0,0,0.7792,-0.6267,0,0,0,0,1,0,116.2106,-1.2386,0,1]},
{"frame":76,"values":[-0.609,-0.7932,0,0,0.7932,-0.609,0,0,0,0,1,0,116.2106,-1.2386,0,1]},
{"frame":77,"values":[-0.5883,-0.8086,0,0,0.8086,-0.5883,0,0,0,0,1,0,116.2106,-1.2386,0,1]},
{"frame":78,"values":[-0.5635,-0.8261,0,0,0.8261,-0.5635,0,0,0,0,1,0,116.2106,-1.2385,0,1]},
{"frame":79,"values":[-0.535,-0.8448,0,0,0.8448,-0.535,0,0,0,0,1,0,116.2107,-1.2386,0,1]},
{"frame":80,"values":[-0.5032,-0.8641,0,0,0.8641,-0.5032,0,0,0,0,1,0,116.2107,-1.2386,0,1]},
{"frame":81,"values":[-0.4687,-0.8834,0,0,0.8834,-0.4687,0,0,0,0,1,0,116.2107,-1.2386,0,1]},
{"frame":82,"values":[-0.4319,-0.9019,0,0,0.9019,-0.4319,0,0,0,0,1,0,116.2106,-1.2385,0,1]},
{"frame":83,"values":[-0.3934,-0.9194,0,0,0.9194,-0.3934,0,0,0,0,1,0,116.2106,-1.2386,0,1]},
{"frame":84,"values":[-0.3539,-0.9353,0,0,0.9353,-0.3539,0,0,0,0,1,0,116.2106,-1.2386,0,1]},
{"frame":85,"values":[-0.3141,-0.9494,0,0,0.9494,-0.3141,0,0,0,0,1,0,116.2106,-1.2386,0,1]},
{"frame":86,"values":[-0.2748,-0.9615,0,0,0.9615,-0.2748,0,0,0,0,1,0,116.2106,-1.2385,0,1]},
{"frame":87,"values":[-0.2367,-0.9716,0,0,0.9716,-0.2367,0,0,0,0,1,0,116.2106,-1.2385,0,1]},
{"frame":88,"values":[-0.2008,-0.9796,0,0,0.9796,-0.2008,0,0,0,0,1,0,116.2106,-1.2386,0,1]},
{"frame":89,"values":[-0.168,-0.9858,0,0,0.9858,-0.168,0,0,0,0,1,0,116.2106,-1.2385,0,1]},
{"frame":90,"values":[-0.1379,-0.9904,0,0,0.9904,-0.1379,0,0,0,0,1,0,116.2106,-1.2385,0,1]},
{"frame":91,"values":[-0.1095,-0.994,0,0,0.994,-0.1095,0,0,0,0,1,0,116.2107,-1.2385,0,1]},
{"frame":92,"values":[-0.0827,-0.9966,0,0,0.9966,-0.0827,0,0,0,0,1,0,116.2106,-1.2386,0,1]},
{"frame":93,"values":[-0.0573,-0.9984,0,0,0.9984,-0.0573,0,0,0,0,1,0,116.2106,-1.2386,0,1]},
{"frame":94,"values":[-0.0329,-0.9995,0,0,0.9995,-0.0329,0,0,0,0,1,0,116.2106,-1.2386,0,1]},
{"frame":95,"values":[-0.0095,-1,0,0,1,-0.0095,0,0,0,0,1,0,116.2106,-1.2386,0,1]},
{"frame":96,"values":[0.0132,-0.9999,0,0,0.9999,0.0132,0,0,0,0,1,0,116.2106,-1.2386,0,1]},
{"frame":97,"values":[0.0354,-0.9994,0,0,0.9994,0.0354,0,0,0,0,1,0,116.2106,-1.2385,0,1]},
{"frame":98,"values":[0.0574,-0.9984,0,0,0.9984,0.0574,0,0,0,0,1,0,116.2106,-1.2386,0,1]},
{"frame":99,"values":[0.0794,-0.9968,0,0,0.9968,0.0794,0,0,0,0,1,0,116.2106,-1.2385,0,1]},
{"frame":100,"values":[0.1015,-0.9948,0,0,0.9948,0.1015,0,0,0,0,1,0,116.2106,-1.2386,0,1]},
{"frame":101,"values":[0.1241,-0.9923,0,0,0.9923,0.1241,0,0,0,0,1,0,116.2106,-1.2386,0,1]}],"loopBehavior":1,"name":"anim","property":"_matrix"}},
{"name":"DriveJoint","index":2,"matrix":[-0.3266,-0.9452,0,0,-0.9452,0.3266,0,0,0,0,-1,0,204.5275,0.3006,0,1],"rest":[-0.3266,-0.9452,0,0,-0.9452,0.3266,0,0,0,0,-1,0,204.5274,0.3006,0,1],"parentBoneIndex":1,"length":59.3037
,"animation":{"dataType":3,"framePerSecond":30,"keys":[
{"frame":1,"values":[-0.3266,-0.9452,0,0,-0.9452,0.3266,0,0,0,0,-1,0,204.5275,0.3006,0,1]},
{"frame":7,"values":[-0.3266,-0.9452,0,0,-0.9452,0.3266,0,0,0,0,-1,0,204.5274,0.3006,0,1]},
{"frame":8,"values":[-0.3266,-0.9452,0,0,-0.9452,0.3266,0,0,0,0,-1,0,204.5275,0.3006,0,1]},
{"frame":19,"values":[-0.3266,-0.9452,0,0,-0.9452,0.3266,0,0,0,0,-1,0,204.5274,0.3006,0,1]},
{"frame":20,"values":[-0.3266,-0.9452,0,0,-0.9452,0.3266,0,0,0,0,-1,0,204.5275,0.3006,0,1]},
{"frame":35,"values":[-0.3266,-0.9452,0,0,-0.9452,0.3266,0,0,0,0,-1,0,204.5274,0.3006,0,1]},
{"frame":36,"values":[-0.3266,-0.9452,0,0,-0.9452,0.3266,0,0,0,0,-1,0,204.5275,0.3006,0,1]},
{"frame":58,"values":[-0.3266,-0.9452,0,0,-0.9452,0.3266,0,0,0,0,-1,0,204.5274,0.3006,0,1]},
{"frame":59,"values":[-0.3266,-0.9452,0,0,-0.9452,0.3266,0,0,0,0,-1,0,204.5275,0.3006,0,1]},
{"frame":71,"values":[-0.3266,-0.9452,0,0,-0.9452,0.3266,0,0,0,0,-1,0,204.5274,0.3006,0,1]},
{"frame":72,"values":[-0.3266,-0.9452,0,0,-0.9452,0.3266,0,0,0,0,-1,0,204.5275,0.3006,0,1]},
{"frame":83,"values":[-0.3266,-0.9452,0,0,-0.9452,0.3266,0,0,0,0,-1,0,204.5274,0.3006,0,1]},
{"frame":84,"values":[-0.3266,-0.9452,0,0,-0.9452,0.3266,0,0,0,0,-1,0,204.5275,0.3006,0,1]},
{"frame":101,"values":[-0.3266,-0.9452,0,0,-0.9452,0.3266,0,0,0,0,-1,0,204.5275,0.3006,0,1]}],"loopBehavior":1,"name":"anim","property":"_matrix"}},
{"name":"EndJoint","index":3,"matrix":[-0.0045,-0.0001,-1,0,-0.9996,-0.0263,0.0045,0,-0.0263,0.9997,0,0,59.2991,0.7358,0,1],"rest":[-0.0045,-0.0001,-1,0,-0.9996,-0.0263,0.0045,0,-0.0263,0.9997,0,0,59.2991,0.7358,0,1],"parentBoneIndex":2,"length":14.4473
,"animation":{"dataType":3,"framePerSecond":30,"keys":[
{"frame":1,"values":[-0.0045,-0.0001,-1,0,-0.9996,-0.0263,0.0045,0,-0.0263,0.9997,0,0,59.2991,0.7358,0,1]},
{"frame":2,"values":[-0.0045,-0.0001,-1,0,-0.9973,-0.0738,0.0045,0,-0.0738,0.9973,0.0002,0,58.3832,3.1595,0,1]},
{"frame":3,"values":[-0.0044,-0.0001,-1,0,-0.9926,-0.1215,0.0044,0,-0.1215,0.9926,0.0004,0,57.639,5.7686,0,1]},
{"frame":4,"values":[-0.0043,-0.0002,-1,0,-0.9856,-0.1691,0.0043,0,-0.1691,0.9856,0.0006,0,57.0154,8.5217,0,1]},
{"frame":5,"values":[-0.0043,-0.0002,-1,0,-0.9762,-0.2167,0.0042,0,-0.2167,0.9762,0.0008,0,56.4552,11.3698,0,1]},
{"frame":6,"values":[-0.0041,-0.0002,-1,0,-0.9645,-0.264,0.004,0,-0.264,0.9645,0.0009,0,55.9073,14.2706,0,1]},
{"frame":7,"values":[-0.004,-0.0002,-1,0,-0.9504,-0.3109,0.0039,0,-0.3109,0.9505,0.001,0,55.3216,17.1807,0,1]},
{"frame":8,"values":[-0.0038,-0.0003,-1,0,-0.934,-0.3572,0.0037,0,-0.3572,0.934,0.0011,0,54.6505,20.0569,0,1]},
{"frame":9,"values":[-0.0037,-0.0003,-1,0,-0.9152,-0.4029,0.0035,0,-0.4029,0.9152,0.0012,0,53.8491,22.8569,0,1]},
{"frame":10,"values":[-0.0035,-0.0004,-1,0,-0.8941,-0.4479,0.0033,0,-0.4479,0.8941,0.0012,0,52.8753,25.5398,0,1]},
{"frame":11,"values":[-0.0033,-0.0004,-1,0,-0.8707,-0.4918,0.003,0,-0.4918,0.8707,0.0012,0,51.6897,28.067,0,1]},
{"frame":12,"values":[-0.003,-0.0005,-1,0,-0.845,-0.5347,0.0028,0,-0.5347,0.845,0.0012,0,50.2547,30.4037,0,1]},
{"frame":13,"values":[-0.0028,-0.0005,-1,0,-0.8172,-0.5764,0.0026,0,-0.5764,0.8172,0.0012,0,48.5341,32.5208,0,1]},
{"frame":14,"values":[-0.0026,-0.0006,-1,0,-0.7872,-0.6167,0.0024,0,-0.6167,0.7872,0.0011,0,46.5237,34.579,0,1]},
{"frame":15,"values":[-0.0023,-0.0007,-1,0,-0.7551,-0.6556,0.0022,0,-0.6556,0.7551,0.001,0,44.2806,36.743,0,1]},
{"frame":16,"values":[-0.0021,-0.0007,-1,0,-0.721,-0.6929,0.002,0,-0.6929,0.721,0.0009,0,41.8573,38.9929,0,1]},
{"frame":17,"values":[-0.0018,-0.0008,-1,0,-0.685,-0.7285,0.0018,0,-0.7285,0.685,0.0008,0,39.3026,41.3044,0,1]},
{"frame":18,"values":[-0.0016,-0.0009,-1,0,-0.6472,-0.7623,0.0017,0,-0.7623,0.6472,0.0007,0,36.6611,43.6481,0,1]},
{"frame":19,"values":[-0.0014,-0.0009,-1,0,-0.6077,-0.7942,0.0016,0,-0.7942,0.6077,0.0005,0,33.9724,45.9888,0,1]},
{"frame":20,"values":[-0.0011,-0.001,-1,0,-0.5666,-0.824,0.0015,0,-0.824,0.5666,0.0004,0,31.2709,48.2857,0,1]},
{"frame":21,"values":[-0.0009,-0.0011,-1,0,-0.524,-0.8517,0.0014,0,-0.8517,0.524,0.0002,0,28.5859,50.4923,0,1]},
{"frame":22,"values":[-0.0007,-0.0011,-1,0,-0.48,-0.8773,0.0013,0,-0.8773,0.48,0,0,25.9412,52.557,0,1]},
{"frame":23,"values":[-0.0004,-0.0012,-1,0,-0.4348,-0.9005,0.0012,0,-0.9005,0.4348,-0.0001,0,23.3553,54.423,0,1]},
{"frame":24,"values":[-0.0002,-0.0012,-1,0,-0.3884,-0.9215,0.0012,0,-0.9215,0.3884,-0.0002,0,20.841,56.0299,0,1]},
{"frame":25,"values":[-0.0001,-0.0013,-1,0,-0.3411,-0.94,0.0012,0,-0.94,0.3411,-0.0004,0,18.4062,57.3131,0,1]},
{"frame":26,"values":[0.0001,-0.0013,-1,0,-0.2929,-0.9561,0.0012,0,-0.9561,0.2929,-0.0005,0,16.0536,58.205,0,1]},
{"frame":27,"values":[0.0003,-0.0014,-1,0,-0.2445,-0.9696,0.0013,0,-0.9696,0.2445,-0.0006,0,13.6907,58.7551,0,1]},
{"frame":28,"values":[0.0005,-0.0014,-1,0,-0.1965,-0.9805,0.0013,0,-0.9805,0.1965,-0.0007,0,11.2298,59.0827,0,1]},
{"frame":29,"values":[0.0006,-0.0015,-1,0,-0.1487,-0.9889,0.0014,0,-0.9889,0.1487,-0.0009,0,8.6772,59.2213,0,1]},
{"frame":30,"values":[0.0008,-0.0015,-1,0,-0.1014,-0.9948,0.0014,0,-0.9949,0.1014,-0.001,0,6.0402,59.2013,0,1]},
{"frame":31,"values":[0.001,-0.0016,-1,0,-0.0543,-0.9985,0.0015,0,-0.9985,0.0543,-0.0011,0,3.3284,59.0512,0,1]},
{"frame":32,"values":[0.0012,-0.0016,-1,0,-0.0075,-1,0.0016,0,-1,0.0075,-0.0012,0,0.5524,58.795,0,1]},
{"frame":33,"values":[0.0014,-0.0017,-1,0,0.0391,-0.9992,0.0018,0,-0.9992,-0.0391,-0.0013,0,-2.2749,58.4533,0,1]},
{"frame":34,"values":[0.0016,-0.0018,-1,0,0.0855,-0.9963,0.0019,0,-0.9963,-0.0855,-0.0014,0,-5.1381,58.0445,0,1]},
{"frame":35,"values":[0.0018,-0.0018,-1,0,0.1317,-0.9913,0.002,0,-0.9913,-0.1317,-0.0015,0,-8.0213,57.5813,0,1]},
{"frame":36,"values":[0.002,-0.0019,-1,0,0.1777,-0.9841,0.0022,0,-0.9841,-0.1777,-0.0016,0,-10.9045,57.0759,0,1]},
{"frame":37,"values":[0.0022,-0.0019,-1,0,0.2237,-0.9747,0.0024,0,-0.9747,-0.2237,-0.0017,0,-13.7674,56.5355,0,1]},
{"frame":38,"values":[0.0024,-0.002,-1,0,0.2696,-0.963,0.0026,0,-0.963,-0.2696,-0.0017,0,-16.5875,55.9649,0,1]},
{"frame":39,"values":[0.0025,-0.0021,-1,0,0.3155,-0.9489,0.0028,0,-0.9489,-0.3155,-0.0018,0,-19.3413,55.366,0,1]},
{"frame":40,"values":[0.0027,-0.0021,-1,0,0.3613,-0.9324,0.0029,0,-0.9324,-0.3613,-0.0018,0,-22.0033,54.7386,0,1]},
{"frame":41,"values":[0.0029,-0.0022,-1,0,0.4071,-0.9134,0.0031,0,-0.9134,-0.4071,-0.0017,0,-24.655,53.9502,0,1]},
{"frame":42,"values":[0.003,-0.0022,-1,0,0.4528,-0.8916,0.0033,0,-0.8916,-0.4528,-0.0017,0,-27.3844,52.8827,0,1]},
{"frame":43,"values":[0.0032,-0.0023,-1,0,0.4983,-0.867,0.0035,0,-0.867,-0.4983,-0.0016,0,-30.1729,51.5531,0,1]},
{"frame":44,"values":[0.0033,-0.0023,-1,0,0.5436,-0.8394,0.0037,0,-0.8394,-0.5436,-0.0015,0,-32.998,49.9757,0,1]},
{"frame":45,"values":[0.0034,-0.0023,-1,0,0.5884,-0.8085,0.0039,0,-0.8085,-0.5885,-0.0014,0,-35.8357,48.1604,0,1]},
{"frame":46,"values":[0.0035,-0.0024,-1,0,0.6328,-0.7743,0.0041,0,-0.7743,-0.6328,-0.0012,0,-38.6528,46.119,0,1]},
{"frame":47,"values":[0.0036,-0.0024,-1,0,0.6765,-0.7365,0.0042,0,-0.7365,-0.6765,-0.001,0,-41.416,43.8587,0,1]},
{"frame":48,"values":[0.0037,-0.0024,-1,0,0.7191,-0.6949,0.0043,0,-0.6949,-0.7191,-0.0008,0,-44.0869,41.3874,0,1]},
{"frame":49,"values":[0.0037,-0.0024,-1,0,0.7606,-0.6492,0.0044,0,-0.6493,-0.7606,-0.0006,0,-46.6228,38.7138,0,1]},
{"frame":50,"values":[0.0037,-0.0024,-1,0,0.8004,-0.5995,0.0045,0,-0.5995,-0.8004,-0.0003,0,-48.9774,35.849,0,1]},
{"frame":51,"values":[0.0038,-0.0024,-1,0,0.8382,-0.5453,0.0045,0,-0.5453,-0.8382,0,0,-51.101,32.8075,0,1]},
{"frame":52,"values":[0.0037,-0.0024,-1,0,0.8737,-0.4865,0.0045,0,-0.4865,-0.8737,0.0003,0,-53.0206,29.4432,0,1]},
{"frame":53,"values":[0.0037,-0.0024,-1,0,0.9063,-0.4226,0.0044,0,-0.4226,-0.9063,0.0006,0,-54.7732,25.6224,0,1]},
{"frame":54,"values":[0.0036,-0.0023,-1,0,0.9352,-0.3541,0.0042,0,-0.3541,-0.9352,0.0009,0,-56.3183,21.3866,0,1]},
{"frame":55,"values":[0.0036,-0.0022,-1,0,0.9596,-0.2813,0.004,0,-0.2813,-0.9596,0.0011,0,-57.6126,16.7839,0,1]},
{"frame":56,"values":[0.0035,-0.002,-1,0,0.9788,-0.2046,0.0038,0,-0.2046,-0.9788,0.0013,0,-58.6121,11.8705,0,1]},
{"frame":57,"values":[0.0033,-0.0019,-1,0,0.9922,-0.1246,0.0035,0,-0.1246,-0.9922,0.0015,0,-59.2751,6.711,0,1]},
{"frame":58,"values":[0.0032,-0.0017,-1,0,0.9991,-0.042,0.0033,0,-0.0421,-0.9991,0.0016,0,-59.5655,1.3793,0,1]},
{"frame":59,"values":[0.003,-0.0015,-1,0,0.9991,0.0424,0.003,0,0.0423,-0.9991,0.0017,0,-59.4562,-4.0426,0,1]},
{"frame":60,"values":[0.0029,-0.0013,-1,0,0.9918,0.1278,0.0027,0,0.1278,-0.9918,0.0017,0,-58.9319,-9.4655,0,1]},
{"frame":61,"values":[0.0027,-0.0011,-1,0,0.977,0.2133,0.0024,0,0.2133,-0.977,0.0017,0,-57.9922,-14.7952,0,1]},
{"frame":62,"values":[0.0025,-0.0009,-1,0,0.9545,0.2981,0.0021,0,0.2981,-0.9545,0.0016,0,-56.6528,-19.9358,0,1]},
{"frame":63,"values":[0.0023,-0.0007,-1,0,0.9245,0.3811,0.0019,0,0.3811,-0.9245,0.0015,0,-54.9458,-24.7928,0,1]},
{"frame":64,"values":[0.0021,-0.0004,-1,0,0.8871,0.4616,0.0017,0,0.4616,-0.8871,0.0014,0,-52.9189,-29.2765,0,1]},
{"frame":65,"values":[0.0019,-0.0002,-1,0,0.8426,0.5385,0.0015,0,0.5385,-0.8426,0.0012,0,-50.5129,-33.4779,0,1]},
{"frame":66,"values":[0.0018,0,-1,0,0.7915,0.6112,0.0014,0,0.6112,-0.7915,0.0011,0,-47.6562,-37.5022,0,1]},
{"frame":67,"values":[0.0016,0.0002,-1,0,0.7343,0.6788,0.0013,0,0.6788,-0.7343,0.0009,0,-44.3944,-41.2929,0,1]},
{"frame":68,"values":[0.0014,0.0004,-1,0,0.6717,0.7408,0.0012,0,0.7408,-0.6717,0.0007,0,-40.7788,-44.8019,0,1]},
{"frame":69,"values":[0.0012,0.0006,-1,0,0.6045,0.7966,0.0012,0,0.7966,-0.6045,0.0006,0,-36.8651,-47.99,0,1]},
{"frame":70,"values":[0.001,0.0008,-1,0,0.5335,0.8458,0.0012,0,0.8458,-0.5335,0.0004,0,-32.7112,-50.8275,0,1]},
{"frame":71,"values":[0.0008,0.0009,-1,0,0.4596,0.8881,0.0012,0,0.8881,-0.4596,0.0003,0,-28.3759,-53.2934,0,1]},
{"frame":72,"values":[0.0006,0.0011,-1,0,0.3837,0.9235,0.0012,0,0.9235,-0.3837,0.0002,0,-23.9169,-55.375,0,1]},
{"frame":73,"values":[0.0005,0.0012,-1,0,0.3066,0.9518,0.0013,0,0.9518,-0.3066,0.0001,0,-19.3904,-57.0664,0,1]},
{"frame":74,"values":[0.0003,0.0013,-1,0,0.2293,0.9733,0.0013,0,0.9733,-0.2293,0,0,-14.85,-58.3676,0,1]},
{"frame":75,"values":[0.0002,0.0013,-1,0,0.1526,0.9883,0.0013,0,0.9883,-0.1526,0,0,-10.3466,-59.2829,0,1]},
{"frame":76,"values":[0.0001,0.0013,-1,0,0.0773,0.997,0.0013,0,0.997,-0.0773,0,0,-5.9277,-59.8205,0,1]},
{"frame":77,"values":[0,0.0013,-1,0,0.0034,1,0.0013,0,1,-0.0034,0,0,-1.4604,-59.8503,0,1]},
{"frame":78,"values":[-0.0001,0.0013,-1,0,-0.0696,0.9976,0.0013,0,0.9976,0.0696,0,0,3.176,-59.2802,0,1]},
{"frame":79,"values":[-0.0002,0.0013,-1,0,-0.1412,0.99,0.0013,0,0.99,0.1412,0,0,7.9228,-58.1767,0,1]},
{"frame":80,"values":[-0.0003,0.0012,-1,0,-0.2111,0.9775,0.0013,0,0.9775,0.2111,0,0,12.7251,-56.6048,0,1]},
{"frame":81,"values":[-0.0004,0.0012,-1,0,-0.2792,0.9602,0.0012,0,0.9602,0.2792,0,0,17.5285,-54.6283,0,1]},
{"frame":82,"values":[-0.0005,0.0011,-1,0,-0.3451,0.9386,0.0012,0,0.9386,0.3451,0,0,22.278,-52.3098,0,1]},
{"frame":83,"values":[-0.0005,0.0011,-1,0,-0.4086,0.9127,0.0012,0,0.9127,0.4086,-0.0001,0,26.9168,-49.7127,0,1]},
{"frame":84,"values":[-0.0006,0.001,-1,0,-0.4696,0.8829,0.0012,0,0.8829,0.4696,-0.0001,0,31.3865,-46.9017,0,1]},
{"frame":85,"values":[-0.0007,0.0009,-1,0,-0.5278,0.8494,0.0011,0,0.8494,0.5278,-0.0001,0,35.6299,-43.9426,0,1]},
{"frame":86,"values":[-0.0008,0.0008,-1,0,-0.5832,0.8124,0.0011,0,0.8124,0.5832,-0.0001,0,39.5822,-40.9109,0,1]},
{"frame":87,"values":[-0.0008,0.0008,-1,0,-0.6355,0.7721,0.0011,0,0.7721,0.6355,-0.0002,0,43.1886,-37.8794,0,1]},
{"frame":88,"values":[-0.0009,0.0007,-1,0,-0.6846,0.7289,0.0011,0,0.7289,0.6846,-0.0002,0,46.3917,-34.9282,0,1]},
{"frame":89,"values":[-0.001,0.0006,-1,0,-0.7305,0.6829,0.0011,0,0.6829,0.7305,-0.0002,0,49.1359,-32.1416,0,1]},
{"frame":90,"values":[-0.001,0.0005,-1,0,-0.7731,0.6343,0.0011,0,0.6343,0.7731,-0.0002,0,51.3971,-29.4473,0,1]},
{"frame":91,"values":[-0.0011,0.0005,-1,0,-0.8122,0.5834,0.0011,0,0.5834,0.8122,-0.0003,0,53.2251,-26.7261,0,1]},
{"frame":92,"values":[-0.0011,0.0004,-1,0,-0.8478,0.5303,0.0011,0,0.5303,0.8478,-0.0003,0,54.677,-23.9898,0,1]},
{"frame":93,"values":[-0.0012,0.0003,-1,0,-0.8798,0.4753,0.0012,0,0.4753,0.8798,-0.0003,0,55.8083,-21.246,0,1]},
{"frame":94,"values":[-0.0012,0.0002,-1,0,-0.9082,0.4186,0.0012,0,0.4186,0.9082,-0.0003,0,56.6723,-18.4991,0,1]},
{"frame":95,"values":[-0.0012,0.0002,-1,0,-0.9328,0.3603,0.0012,0,0.3603,0.9328,-0.0003,0,57.3208,-15.7514,0,1]},
{"frame":96,"values":[-0.0013,0.0001,-1,0,-0.9537,0.3008,0.0012,0,0.3008,0.9537,-0.0003,0,57.8033,-13.0038,0,1]},
{"frame":97,"values":[-0.0013,0.0001,-1,0,-0.9708,0.24,0.0013,0,0.24,0.9708,-0.0002,0,58.1656,-10.2577,0,1]},
{"frame":98,"values":[-0.0013,0,-1,0,-0.984,0.1784,0.0013,0,0.1784,0.984,-0.0002,0,58.4569,-7.5088,0,1]},
{"frame":99,"values":[-0.0013,0,-1,0,-0.9933,0.1159,0.0013,0,0.1159,0.9933,-0.0001,0,58.7157,-4.761,0,1]},
{"frame":100,"values":[-0.0013,0,-1,0,-0.9986,0.053,0.0013,0,0.053,0.9986,-0.0001,0,58.983,-2.0137,0,1]},
{"frame":101,"values":[-0.0013,0,-1,0,-0.9999,-0.0104,0.0013,0,-0.0104,0.9999,0,0,59.2991,0.7358,0,1]}],"loopBehavior":1,"name":"anim","property":"_matrix"}},
{"name":"EndJointNub","index":4,"matrix":[0.0045,1,0,0,-1,0.0045,0,0,0,0,1,0,14.4473,0,0,1],"rest":[0.0045,1,0,0,-1,0.0045,0,0,0,0,1,0,14.4473,0,0,1],"parentBoneIndex":3,"length":14.4473
,"animation":{"dataType":3,"framePerSecond":30,"keys":[
{"frame":1,"values":[0.0045,1,0,0,-1,0.0045,0,0,0,0,1,0,14.4473,0,0,1]},
{"frame":101,"values":[0.0045,1,0,0,-1,0.0045,0,0,0,0,1,0,14.4473,0,0,1]}],"loopBehavior":1,"name":"anim","property":"_matrix"}},
{"name":"HoldJoint","index":5,"matrix":[0,0.01,0,0,-0.01,0,0,0,0,0,-0.01,0,-0.3297,-0.0136,0,1],"rest":[0,0.01,0,0,-0.01,0,0,0,0,0,-0.01,0,-0.3297,-0.0136,0,1],"parentBoneIndex":-1,"length":334.358
,"animation":{"dataType":3,"framePerSecond":30,"keys":[
{"frame":1,"values":[0,0.01,0,0,-0.01,0,0,0,0,0,-0.01,0,-0.3297,-0.0136,0,1]},
{"frame":101,"values":[0,0.01,0,0,-0.01,0,0,0,0,0,-0.01,0,-0.3297,-0.0136,0,1]}],"loopBehavior":1,"name":"anim","property":"_matrix"}},
{"name":"HoldJointNub","index":6,"matrix":[0,-1,0,0,1,0,0,0,0,0,1,0,334.358,0,0,1],"rest":[0,-1,0,0,1,0,0,0,0,0,1,0,334.358,0,0,1],"parentBoneIndex":5,"length":334.358
,"animation":{"dataType":3,"framePerSecond":30,"keys":[
{"frame":1,"values":[0,-1,0,0,1,0,0,0,0,0,1,0,334.358,0,0,1]},
{"frame":101,"values":[0,-1,0,0,1,0,0,0,0,0,1,0,334.358,0,0,1]}],"loopBehavior":1,"name":"anim","property":"_matrix"}}]
,"ranges":[{"name":"Armature|Take 001|BaseLayer","from":0,"to":101}]}],
"meshes":[{"name":"Pumpjack","id":"Pumpjack","materialId":"pump.Multimaterial#0","billboardMode":0,"position":[0,0,0],"rotation":[0,0,0],"scaling":[1,1,1],"isVisible":true,"freezeWorldMatrix":false,"isEnabled":true,"checkCollisions":false,"receiveShadows":false,"skeletonId":0,"numBoneInfluencers":1
